service_id,date,exception_type
1021,20170203,2
1021,20170204,2
1021,20170205,2
1022,20170204,2
1022,20170205,2
1022,20170414,1
1022,20170417,1
1022,20170501,1
1022,20170525,1
1022,20170605,1
1022,20171003,1
1022,20171031,1
1040,20170206,1
1040,20170207,1
1044,20170127,1
1044,20170128,1
1044,20170129,1
1045,20170127,1
1045,20170128,1
1271,20170126,1
1340,20170124,1
1340,20170125,1
1340,20170126,1
1417,20170416,1
1417,20170430,1
1417,20170604,1
1418,20170414,1
1418,20170416,2
1418,20170417,1
1418,20170430,2
1418,20170501,1
1418,20170525,1
1418,20170604,2
1418,20170605,1
1418,20171003,1
1418,20171031,1
1419,20170414,2
1419,20170416,1
1419,20170417,2
1419,20170430,1
1419,20170501,2
1419,20170525,2
1419,20170604,1
1419,20170605,2
1419,20171003,2
1419,20171031,2
1420,20170416,2
1420,20170430,2
1420,20170604,2
1421,20170413,2
1421,20170414,1
1421,20170524,2
1421,20171002,2
1421,20171030,2
1422,20170124,2
1423,20170213,1
1423,20170214,1
1423,20170413,1
1423,20170414,2
1423,20170416,1
1423,20170430,1
1423,20170524,1
1423,20170604,1
1423,20171002,1
1423,20171030,1
1424,20170124,2
1424,20170213,2
1424,20170214,2
1424,20170413,2
1424,20170414,1
1424,20170416,2
1424,20170430,2
1424,20170524,2
1424,20170604,2
1424,20171002,2
1424,20171030,2
1425,20170213,1
1425,20170214,1
1426,20170124,2
1426,20170213,2
1426,20170214,2
1427,20170413,1
1427,20170414,2
1427,20170416,1
1427,20170430,1
1427,20170524,1
1427,20170604,1
1427,20171002,1
1427,20171030,1
1428,20170124,2
1428,20170413,2
1428,20170414,1
1428,20170416,2
1428,20170430,2
1428,20170524,2
1428,20170604,2
1428,20171002,2
1428,20171030,2
1429,20170413,2
1429,20170414,1
1429,20170416,2
1429,20170430,2
1429,20170524,2
1429,20170604,2
1429,20171002,2
1429,20171030,2
1430,20170214,1
1430,20170215,1
1431,20170214,2
1431,20170215,2
1431,20170414,2
1431,20170417,2
1431,20170501,2
1431,20170525,2
1431,20170605,2
1431,20171003,2
1431,20171031,2
1432,20170119,2
1432,20170121,2
1432,20170122,2
1432,20170123,2
1432,20170124,2
1432,20170125,2
1432,20170126,2
1432,20170128,2
1432,20170129,2
1432,20170130,2
1432,20170131,2
1432,20170201,2
1432,20170202,2
1432,20170204,2
1432,20170205,2
1432,20170206,2
1432,20170207,2
1432,20170208,2
1432,20170209,2
1432,20170211,2
1432,20170212,2
1432,20170213,2
1432,20170214,2
1432,20170215,2
1432,20170216,2
1432,20170218,2
1432,20170219,2
1432,20170220,2
1432,20170413,2
1432,20170414,1
1432,20170524,2
1432,20171002,2
1432,20171030,2
1433,20170121,1
1433,20170122,1
1433,20170123,1
1433,20170125,1
1433,20170126,1
1433,20170128,1
1433,20170129,1
1433,20170130,1
1433,20170131,1
1433,20170201,1
1433,20170202,1
1433,20170203,1
1433,20170206,1
1433,20170207,1
1433,20170208,1
1433,20170209,1
1433,20170211,1
1433,20170212,1
1433,20170213,1
1433,20170214,1
1433,20170215,1
1433,20170216,1
1433,20170218,1
1433,20170219,1
1433,20170220,1
1434,20170120,2
1434,20170127,2
1434,20170203,2
1434,20170210,2
1434,20170217,2
1434,20170413,1
1434,20170414,2
1434,20170524,1
1434,20171002,1
1434,20171030,1
1435,20170120,1
1435,20170127,1
1435,20170210,1
1435,20170217,1
1436,20170119,2
1436,20170124,2
1436,20170203,1
1436,20170413,2
1436,20170414,1
1436,20170524,2
1436,20171002,2
1436,20171030,2
1437,20170203,2
1437,20170413,1
1437,20170414,2
1437,20170524,1
1437,20171002,1
1437,20171030,1
1438,20170119,2
1438,20170124,2
1438,20170203,2
1438,20170205,2
1439,20170203,1
1439,20170205,1
1440,20170119,2
1440,20170124,2
1440,20170205,2
1441,20170119,2
1442,20170131,2
1443,20170203,1
1443,20170413,2
1443,20170414,1
1443,20170524,2
1443,20171002,2
1443,20171030,2
1444,20170124,2
1444,20170203,1
1444,20170413,2
1444,20170414,1
1444,20170524,2
1444,20171002,2
1444,20171030,2
1445,20170119,2
1445,20170124,2
1446,20170203,2
1446,20170414,2
1446,20170417,2
1446,20170501,2
1446,20170525,2
1446,20170605,2
1446,20171003,2
1446,20171031,2
1447,20170205,2
1447,20170414,1
1447,20170416,2
1447,20170417,1
1447,20170430,2
1447,20170501,1
1447,20170525,1
1447,20170604,2
1447,20170605,1
1447,20171003,1
1447,20171031,1
1448,20170204,2
1448,20170416,1
1448,20170430,1
1448,20170604,1
1449,20170203,2
1449,20170204,2
1449,20170414,2
1449,20170416,1
1449,20170417,2
1449,20170430,1
1449,20170501,2
1449,20170525,2
1449,20170604,1
1449,20170605,2
1449,20171003,2
1449,20171031,2
1450,20170204,2
1450,20170205,2
1450,20170413,2
1450,20170414,1
1450,20170524,2
1450,20171002,2
1450,20171030,2
1451,20170202,2
1451,20170203,2
1451,20170204,2
1451,20170205,2
1451,20170219,2
1452,20170119,2
1452,20170202,2
1452,20170204,2
1452,20170205,2
1452,20170413,2
1452,20170414,1
1452,20170524,2
1452,20171002,2
1452,20171030,2
1453,20170119,2
1453,20170202,2
1453,20170203,2
1453,20170204,2
1453,20170414,2
1453,20170416,1
1453,20170417,2
1453,20170430,1
1453,20170501,2
1453,20170525,2
1453,20170604,1
1453,20170605,2
1453,20171003,2
1453,20171031,2
1454,20170119,2
1454,20170202,2
1454,20170203,2
1454,20170204,2
1454,20170205,2
1455,20170203,2
1455,20170204,2
1455,20170413,1
1455,20170414,2
1455,20170416,1
1455,20170430,1
1455,20170524,1
1455,20170604,1
1455,20171002,1
1455,20171030,1
1456,20170119,2
1456,20170202,2
1456,20170413,2
1456,20170417,2
1456,20170501,2
1456,20170524,2
1456,20170525,2
1456,20170605,2
1456,20171002,2
1456,20171003,2
1456,20171030,2
1456,20171031,2
1457,20170119,2
1457,20170202,2
1457,20170205,2
1457,20170413,2
1457,20170414,1
1457,20170416,2
1457,20170430,2
1457,20170524,2
1457,20170604,2
1457,20171002,2
1457,20171030,2
1458,20170119,2
1458,20170413,2
1458,20170414,1
1458,20170416,2
1458,20170430,2
1458,20170524,2
1458,20170604,2
1458,20171002,2
1458,20171030,2
1459,20170206,1
1459,20170207,1
1459,20170208,1
1459,20170212,1
1460,20170202,2
1460,20170205,2
1460,20170206,2
1460,20170207,2
1460,20170208,2
1460,20170212,2
1460,20170219,2
1460,20170413,2
1460,20170414,1
1460,20170416,2
1460,20170430,2
1460,20170524,2
1460,20170604,2
1460,20171002,2
1460,20171030,2
1461,20170202,1
1461,20170205,1
1462,20170202,1
1462,20170203,1
1462,20170204,1
1463,20170203,2
1463,20170206,2
1463,20170414,2
1463,20170417,2
1463,20170501,2
1463,20170525,2
1463,20170605,2
1463,20171003,2
1463,20171031,2
1464,20170204,2
1464,20170206,1
1464,20170416,1
1464,20170430,1
1464,20170604,1
1465,20170119,2
1465,20170123,2
1465,20170204,2
1465,20170205,2
1465,20170413,2
1465,20170414,1
1465,20170524,2
1465,20171002,2
1465,20171030,2
1466,20170119,2
1466,20170123,2
1466,20170202,2
1466,20170204,2
1466,20170205,2
1466,20170413,2
1466,20170414,1
1466,20170524,2
1466,20171002,2
1466,20171030,2
1467,20170119,2
1467,20170123,2
1467,20170202,2
1467,20170203,2
1467,20170204,2
1467,20170205,2
1468,20170119,2
1468,20170123,2
1468,20170202,2
1468,20170205,2
1468,20170413,2
1468,20170414,1
1468,20170416,2
1468,20170430,2
1468,20170524,2
1468,20170604,2
1468,20171002,2
1468,20171030,2
1469,20170119,2
1469,20170123,2
1469,20170202,2
1469,20170413,2
1469,20170417,2
1469,20170501,2
1469,20170524,2
1469,20170525,2
1469,20170605,2
1469,20171002,2
1469,20171003,2
1469,20171030,2
1469,20171031,2
1470,20170202,2
1470,20170205,2
1470,20170413,2
1470,20170414,1
1470,20170416,2
1470,20170430,2
1470,20170524,2
1470,20170604,2
1470,20171002,2
1470,20171030,2
1471,20170202,1
1471,20170203,1
1472,20170202,2
1472,20170203,2
1472,20170204,2
1472,20170205,2
1473,20170119,2
1473,20170120,2
1473,20170121,2
1473,20170122,2
1473,20170123,2
1473,20170124,2
1473,20170125,2
1473,20170126,2
1473,20170127,2
1473,20170128,2
1473,20170129,2
1473,20170130,2
1473,20170131,2
1473,20170201,2
1473,20170202,2
1473,20170203,2
1473,20170204,2
1473,20170205,2
1473,20170206,2
1473,20170207,2
1473,20170208,2
1473,20170209,2
1473,20170210,2
1473,20170211,2
1473,20170212,2
1473,20170213,2
1473,20170214,2
1473,20170215,2
1473,20170216,2
1473,20170217,2
1473,20170218,2
1473,20170219,2
1473,20170220,2
1474,20170119,1
1474,20170120,1
1474,20170121,1
1474,20170122,1
1474,20170123,1
1474,20170124,1
1474,20170125,1
1474,20170126,1
1474,20170127,1
1474,20170128,1
1474,20170129,1
1474,20170130,1
1474,20170131,1
1474,20170201,1
1474,20170202,1
1474,20170206,1
1474,20170207,1
1474,20170208,1
1474,20170209,1
1474,20170210,1
1474,20170211,1
1474,20170212,1
1474,20170213,1
1474,20170214,1
1474,20170215,1
1474,20170216,1
1474,20170217,1
1474,20170218,1
1474,20170219,1
1474,20170220,1
1475,20170203,2
1475,20170207,2
1475,20170208,2
1475,20170209,2
1475,20170213,2
1475,20170220,2
1475,20170414,2
1475,20170417,2
1475,20170501,2
1475,20170525,2
1475,20170605,2
1475,20171003,2
1475,20171031,2
1476,20170119,2
1476,20170123,2
1476,20170203,2
1476,20170204,2
1476,20170205,2
1477,20170207,1
1477,20170208,1
1477,20170209,1
1477,20170213,1
1477,20170220,1
1478,20170206,1
1478,20170207,1
1478,20170208,1
1479,20170206,2
1479,20170207,2
1479,20170208,2
1480,20170203,1
1480,20170206,2
1480,20170207,2
1480,20170208,2
1480,20170413,2
1480,20170414,1
1480,20170524,2
1480,20171002,2
1480,20171030,2
1481,20170119,2
1481,20170123,2
1481,20170206,2
1481,20170207,2
1481,20170208,2
1482,20170119,2
1482,20170123,2
1482,20170203,1
1482,20170206,2
1482,20170207,2
1482,20170208,2
1482,20170413,2
1482,20170414,1
1482,20170524,2
1482,20171002,2
1482,20171030,2
1483,20170119,2
1483,20170123,2
1483,20170205,2
1483,20170206,2
1483,20170207,2
1483,20170208,2
1484,20170119,2
1484,20170123,2
1484,20170206,2
1484,20170207,2
1484,20170208,2
1484,20170413,2
1484,20170414,1
1484,20170416,2
1484,20170430,2
1484,20170524,2
1484,20170604,2
1484,20171002,2
1484,20171030,2
1485,20170206,2
1485,20170207,2
1485,20170208,2
1485,20170413,2
1485,20170414,1
1485,20170416,2
1485,20170430,2
1485,20170524,2
1485,20170604,2
1485,20171002,2
1485,20171030,2
1486,20170119,2
1486,20170123,2
1486,20170203,1
1486,20170413,2
1486,20170414,1
1486,20170524,2
1486,20171002,2
1486,20171030,2
1487,20170119,2
1487,20170123,2
1487,20170203,2
1487,20170205,2
1487,20170206,2
1487,20170207,2
1487,20170208,2
1488,20170119,2
1488,20170123,2
1488,20170205,1
1488,20170206,2
1488,20170207,2
1488,20170208,2
1488,20170413,2
1488,20170417,2
1488,20170501,2
1488,20170524,2
1488,20170525,2
1488,20170605,2
1488,20171002,2
1488,20171003,2
1488,20171030,2
1488,20171031,2
1489,20170119,2
1489,20170206,2
1489,20170207,2
1489,20170208,2
1490,20170119,2
1490,20170206,2
1490,20170207,2
1490,20170208,2
1490,20170413,2
1490,20170414,1
1490,20170416,2
1490,20170430,2
1490,20170524,2
1490,20170604,2
1490,20171002,2
1490,20171030,2
1491,20170415,2
1491,20170416,1
1491,20170422,2
1491,20170429,2
1491,20170430,1
1491,20170506,2
1491,20170513,2
1491,20170520,2
1491,20170527,2
1491,20170603,2
1491,20170604,1
1491,20170610,2
1491,20170617,2
1491,20170624,2
1491,20170701,2
1491,20170708,2
1491,20170715,2
1492,20170415,1
1492,20170422,1
1492,20170429,1
1492,20170506,1
1492,20170513,1
1492,20170520,1
1492,20170527,1
1492,20170603,1
1492,20170610,1
1492,20170617,1
1492,20170624,1
1492,20170701,1
1492,20170708,1
1492,20170715,1
1493,20170414,2
1493,20170415,2
1493,20170416,1
1493,20170417,2
1493,20170422,2
1493,20170429,2
1493,20170430,1
1493,20170501,2
1493,20170506,2
1493,20170513,2
1493,20170520,2
1493,20170525,2
1493,20170527,2
1493,20170603,2
1493,20170604,1
1493,20170605,2
1493,20170610,2
1493,20170617,2
1493,20170624,2
1493,20170701,2
1493,20170708,2
1493,20170715,2
1493,20171003,2
1493,20171031,2
1494,20170414,2
1494,20170415,1
1494,20170417,2
1494,20170422,1
1494,20170429,1
1494,20170501,2
1494,20170506,1
1494,20170513,1
1494,20170520,1
1494,20170525,2
1494,20170527,1
1494,20170603,1
1494,20170605,2
1494,20170610,1
1494,20170617,1
1494,20170624,1
1494,20170701,1
1494,20170708,1
1494,20170715,1
1494,20171003,2
1494,20171031,2
1495,20170417,1
1495,20170423,1
1495,20170501,1
1495,20170507,1
1495,20170514,1
1495,20170521,1
1495,20170528,1
1495,20170605,1
1495,20170611,1
1495,20170618,1
1495,20170625,1
1495,20170702,1
1495,20170709,1
1495,20170716,1
1496,20170417,2
1496,20170423,2
1496,20170501,2
1496,20170507,2
1496,20170514,2
1496,20170521,2
1496,20170528,2
1496,20170605,2
1496,20170611,2
1496,20170618,2
1496,20170625,2
1496,20170702,2
1496,20170709,2
1496,20170716,2
1497,20170130,2
1497,20170131,2
1497,20170201,2
1497,20170202,2
1497,20170203,2
1498,20170127,2
1499,20170126,2
1499,20170127,2
1499,20170207,2
1499,20170414,2
1499,20170417,2
1499,20170501,2
1499,20170525,2
1499,20170605,2
1499,20171003,2
1499,20171031,2
1500,20170126,1
1500,20170127,1
1500,20170207,1
1500,20170414,1
1500,20170417,1
1500,20170501,1
1500,20170525,1
1500,20170605,1
1500,20171003,1
1500,20171031,1
1501,20170124,2
1501,20170125,2
1501,20170129,2
1501,20170130,2
1501,20170131,2
1501,20170201,2
1501,20170202,2
1501,20170205,2
1502,20170124,1
1502,20170125,1
1502,20170129,1
1502,20170130,1
1502,20170131,1
1502,20170201,1
1502,20170202,1
1502,20170205,1
1503,20170207,1
1504,20170124,2
1504,20170125,2
1504,20170129,2
1504,20170130,2
1504,20170131,2
1504,20170201,2
1504,20170202,2
1504,20170205,2
1504,20170207,2
1505,20170124,2
1505,20170125,2
1505,20170126,2
1505,20170129,2
1505,20170130,2
1505,20170131,2
1505,20170201,2
1505,20170202,2
1505,20170205,2
1505,20170207,2
1506,20170124,2
1506,20170125,2
1506,20170126,2
1506,20170127,2
1506,20170129,2
1506,20170130,2
1506,20170131,2
1506,20170201,2
1506,20170202,2
1506,20170205,2
1506,20170207,2
1507,20170124,2
1507,20170125,2
1507,20170126,2
1507,20170129,2
1507,20170130,2
1507,20170131,2
1507,20170201,2
1507,20170202,2
1507,20170205,2
1507,20170206,2
1507,20170413,2
1507,20170414,1
1507,20170416,2
1507,20170430,2
1507,20170524,2
1507,20170604,2
1507,20171002,2
1507,20171030,2
1508,20170206,1
1508,20170413,1
1508,20170414,2
1508,20170416,1
1508,20170430,1
1508,20170524,1
1508,20170604,1
1508,20171002,1
1508,20171030,1
1509,20170124,2
1509,20170125,2
1509,20170126,2
1509,20170129,2
1509,20170130,2
1509,20170131,2
1509,20170201,2
1509,20170202,2
1509,20170205,2
1509,20170206,2
1509,20170207,2
1510,20170124,2
1510,20170125,2
1510,20170129,2
1510,20170130,2
1510,20170131,2
1510,20170201,2
1510,20170202,2
1510,20170205,2
1510,20170206,2
1510,20170207,2
1510,20170413,2
1510,20170414,1
1510,20170416,2
1510,20170430,2
1510,20170524,2
1510,20170604,2
1510,20171002,2
1510,20171030,2
1511,20170119,1
1511,20170123,1
1511,20170124,1
1512,20170122,1
1512,20170126,1
1512,20170214,1
1513,20170119,2
1513,20170122,2
1513,20170123,2
1513,20170124,2
1513,20170126,2
1513,20170214,2
1513,20170413,2
1513,20170414,1
1513,20170416,2
1513,20170430,2
1513,20170524,2
1513,20170604,2
1513,20171002,2
1513,20171030,2
1514,20170119,1
1514,20170123,1
1515,20170123,1
1515,20170127,1
1516,20170123,2
1516,20170127,2
1516,20170414,2
1516,20170417,2
1516,20170501,2
1516,20170525,2
1516,20170605,2
1516,20171003,2
1516,20171031,2
1517,20170126,2
1517,20170207,2
1518,20170126,2
1518,20170127,2
1518,20170207,2
1519,20170130,2
1519,20170131,2
1519,20170201,2
1519,20170202,2
1519,20170203,2
1519,20170415,2
1519,20170422,2
1519,20170429,2
1519,20170506,2
1519,20170513,2
1519,20170520,2
1519,20170527,2
1519,20170603,2
1519,20170610,2
1519,20170617,2
1519,20170624,2
1519,20170701,2
1519,20170708,2
1519,20170715,2
1520,20170130,2
1520,20170131,2
1520,20170201,2
1520,20170202,2
1520,20170203,2
1520,20170415,2
1520,20170417,2
1520,20170422,2
1520,20170423,2
1520,20170429,2
1520,20170501,2
1520,20170506,2
1520,20170507,2
1520,20170513,2
1520,20170514,2
1520,20170520,2
1520,20170521,2
1520,20170527,2
1520,20170528,2
1520,20170603,2
1520,20170605,2
1520,20170610,2
1520,20170611,2
1520,20170617,2
1520,20170618,2
1520,20170624,2
1520,20170625,2
1520,20170701,2
1520,20170702,2
1520,20170708,2
1520,20170709,2
1520,20170715,2
1520,20170716,2
1521,20170415,1
1521,20170417,1
1521,20170422,1
1521,20170423,1
1521,20170429,1
1521,20170501,1
1521,20170506,1
1521,20170507,1
1521,20170513,1
1521,20170514,1
1521,20170520,1
1521,20170521,1
1521,20170527,1
1521,20170528,1
1521,20170603,1
1521,20170605,1
1521,20170610,1
1521,20170611,1
1521,20170617,1
1521,20170618,1
1521,20170624,1
1521,20170625,1
1521,20170701,1
1521,20170702,1
1521,20170708,1
1521,20170709,1
1521,20170715,1
1521,20170716,1
1522,20170414,1
1522,20170415,2
1522,20170422,2
1522,20170423,2
1522,20170429,2
1522,20170506,2
1522,20170507,2
1522,20170513,2
1522,20170514,2
1522,20170520,2
1522,20170521,2
1522,20170525,1
1522,20170527,2
1522,20170528,2
1522,20170603,2
1522,20170610,2
1522,20170611,2
1522,20170617,2
1522,20170618,2
1522,20170624,2
1522,20170625,2
1522,20170701,2
1522,20170702,2
1522,20170708,2
1522,20170709,2
1522,20170715,2
1522,20170716,2
1522,20171003,1
1522,20171031,1
1523,20170414,2
1523,20170415,1
1523,20170422,1
1523,20170423,1
1523,20170429,1
1523,20170506,1
1523,20170507,1
1523,20170513,1
1523,20170514,1
1523,20170520,1
1523,20170521,1
1523,20170525,2
1523,20170527,1
1523,20170528,1
1523,20170603,1
1523,20170610,1
1523,20170611,1
1523,20170617,1
1523,20170618,1
1523,20170624,1
1523,20170625,1
1523,20170701,1
1523,20170702,1
1523,20170708,1
1523,20170709,1
1523,20170715,1
1523,20170716,1
1523,20171003,2
1523,20171031,2
1524,20170124,2
1524,20170125,2
1524,20170126,2
1524,20170129,2
1524,20170130,2
1524,20170131,2
1524,20170201,2
1524,20170202,2
1524,20170205,2
1525,20170130,2
1525,20170131,2
1525,20170201,2
1525,20170202,2
1525,20170203,2
1525,20170414,2
1525,20170415,2
1525,20170416,1
1525,20170417,2
1525,20170422,2
1525,20170429,2
1525,20170430,1
1525,20170501,2
1525,20170506,2
1525,20170513,2
1525,20170520,2
1525,20170525,2
1525,20170527,2
1525,20170603,2
1525,20170604,1
1525,20170605,2
1525,20170610,2
1525,20170617,2
1525,20170624,2
1525,20170701,2
1525,20170708,2
1525,20170715,2
1525,20171003,2
1525,20171031,2
1526,20170415,2
1526,20170417,2
1526,20170422,2
1526,20170423,2
1526,20170429,2
1526,20170501,2
1526,20170506,2
1526,20170507,2
1526,20170513,2
1526,20170514,2
1526,20170520,2
1526,20170521,2
1526,20170527,2
1526,20170528,2
1526,20170603,2
1526,20170605,2
1526,20170610,2
1526,20170611,2
1526,20170617,2
1526,20170618,2
1526,20170624,2
1526,20170625,2
1526,20170701,2
1526,20170702,2
1526,20170708,2
1526,20170709,2
1526,20170715,2
1526,20170716,2
1527,20170414,1
1527,20170415,1
1527,20170416,2
1527,20170417,1
1527,20170422,1
1527,20170429,1
1527,20170430,2
1527,20170501,1
1527,20170506,1
1527,20170513,1
1527,20170520,1
1527,20170525,1
1527,20170527,1
1527,20170603,1
1527,20170604,2
1527,20170605,1
1527,20170610,1
1527,20170617,1
1527,20170624,1
1527,20170701,1
1527,20170708,1
1527,20170715,1
1527,20171003,1
1527,20171031,1
1528,20170119,2
1528,20170120,2
1528,20170123,2
1528,20170124,2
1528,20170125,2
1528,20170126,2
1528,20170127,2
1528,20170130,2
1528,20170131,2
1528,20170201,2
1528,20170202,2
1528,20170203,2
1528,20170206,2
1528,20170207,2
1528,20170208,2
1528,20170209,2
1528,20170210,2
1528,20170213,2
1528,20170214,2
1528,20170215,2
1528,20170216,2
1528,20170217,2
1528,20170220,2
1528,20170414,2
1528,20170417,2
1528,20170501,2
1528,20170525,2
1528,20170605,2
1528,20171003,2
1528,20171031,2
1529,20170119,1
1529,20170120,1
1529,20170123,1
1529,20170124,1
1529,20170125,1
1529,20170126,1
1529,20170127,1
1529,20170130,1
1529,20170131,1
1529,20170201,1
1529,20170202,1
1529,20170203,1
1529,20170206,1
1529,20170207,1
1529,20170208,1
1529,20170209,1
1529,20170210,1
1529,20170213,1
1529,20170214,1
1529,20170215,1
1529,20170216,1
1529,20170217,1
1529,20170220,1
1530,20170220,1
1531,20170220,2
1532,20170220,2
1532,20170413,2
1532,20170414,1
1532,20170416,2
1532,20170430,2
1532,20170524,2
1532,20170604,2
1532,20171002,2
1532,20171030,2
1533,20170220,2
1533,20170414,2
1533,20170416,1
1533,20170417,2
1533,20170430,1
1533,20170501,2
1533,20170525,2
1533,20170604,1
1533,20170605,2
1533,20171003,2
1533,20171031,2
1534,20170122,2
1534,20170129,2
1534,20170414,1
1534,20170416,2
1534,20170417,1
1534,20170430,2
1534,20170501,1
1534,20170525,1
1534,20170604,2
1534,20170605,1
1534,20171003,1
1534,20171031,1
1535,20170204,1
1535,20170218,1
1536,20170204,2
1536,20170218,2
1537,20170120,2
1537,20170127,2
1537,20170204,1
1537,20170218,1
1537,20170413,1
1537,20170414,2
1537,20170524,1
1537,20171002,1
1537,20171030,1
1538,20170120,1
1538,20170127,1
1538,20170204,2
1538,20170218,2
1538,20170413,2
1538,20170414,1
1538,20170524,2
1538,20171002,2
1538,20171030,2
1539,20170120,2
1539,20170127,2
1539,20170413,1
1539,20170414,2
1539,20170524,1
1539,20171002,1
1539,20171030,1
1540,20170204,2
1540,20170218,2
1540,20170220,2
1540,20170413,2
1540,20170414,1
1540,20170524,2
1540,20171002,2
1540,20171030,2
1541,20170125,2
1541,20170126,2
1541,20170129,2
1541,20170130,2
1541,20170131,2
1541,20170201,2
1541,20170202,2
1541,20170205,2
1541,20170206,2
1541,20170220,2
1542,20170125,1
1542,20170126,1
1542,20170129,1
1542,20170130,1
1542,20170131,1
1542,20170201,1
1542,20170202,1
1542,20170205,1
1542,20170206,1
1543,20170126,2
1543,20170130,2
1543,20170220,2
1543,20170413,2
1543,20170414,1
1543,20170416,2
1543,20170430,2
1543,20170524,2
1543,20170604,2
1543,20171002,2
1543,20171030,2
1544,20170126,1
1544,20170130,1
1545,20170126,2
1545,20170413,2
1545,20170414,1
1545,20170416,2
1545,20170430,2
1545,20170524,2
1545,20170604,2
1545,20171002,2
1545,20171030,2
1546,20170125,2
1546,20170126,2
1546,20170130,2
1546,20170131,2
1546,20170201,2
1546,20170202,2
1546,20170206,2
1546,20170207,2
1546,20170208,2
1546,20170209,2
1546,20170212,2
1546,20170213,2
1546,20170214,2
1546,20170215,2
1546,20170216,2
1546,20170220,2
1546,20170413,2
1546,20170414,1
1546,20170416,2
1546,20170430,2
1546,20170524,2
1546,20170604,2
1546,20171002,2
1546,20171030,2
1547,20170212,2
1547,20170414,1
1547,20170416,2
1547,20170417,1
1547,20170430,2
1547,20170501,1
1547,20170525,1
1547,20170604,2
1547,20170605,1
1547,20171003,1
1547,20171031,1
1548,20170211,2
1548,20170416,1
1548,20170430,1
1548,20170604,1
1549,20170210,2
1549,20170211,2
1549,20170413,1
1549,20170414,2
1549,20170416,1
1549,20170430,1
1549,20170524,1
1549,20170604,1
1549,20171002,1
1549,20171030,1
1550,20170211,2
1550,20170414,2
1550,20170416,1
1550,20170417,2
1550,20170430,1
1550,20170501,2
1550,20170525,2
1550,20170604,1
1550,20170605,2
1550,20171003,2
1550,20171031,2
1551,20170204,2
1551,20170211,2
1551,20170212,2
1552,20170204,2
1552,20170211,2
1552,20170212,2
1552,20170414,1
1552,20170417,1
1552,20170501,1
1552,20170525,1
1552,20170605,1
1552,20171003,1
1552,20171031,1
1553,20170126,1
1553,20170130,1
1553,20170131,1
1553,20170201,1
1553,20170202,1
1553,20170206,1
1553,20170207,1
1553,20170208,1
1553,20170209,1
1553,20170213,1
1553,20170214,1
1553,20170215,1
1553,20170216,1
1553,20170220,1
1554,20170126,2
1554,20170130,2
1554,20170131,2
1554,20170201,2
1554,20170202,2
1554,20170206,2
1554,20170207,2
1554,20170208,2
1554,20170209,2
1554,20170210,2
1554,20170211,2
1554,20170212,2
1554,20170213,2
1554,20170214,2
1554,20170215,2
1554,20170216,2
1554,20170220,2
1555,20170125,2
1555,20170126,2
1555,20170130,2
1555,20170131,2
1555,20170201,2
1555,20170202,2
1555,20170206,2
1555,20170207,2
1555,20170208,2
1555,20170209,2
1555,20170210,2
1555,20170211,2
1555,20170212,2
1555,20170213,2
1555,20170214,2
1555,20170215,2
1555,20170216,2
1555,20170220,2
1556,20170125,2
1556,20170126,2
1556,20170130,2
1556,20170131,2
1556,20170201,2
1556,20170202,2
1556,20170206,2
1556,20170207,2
1556,20170208,2
1556,20170209,2
1556,20170213,2
1556,20170214,2
1556,20170215,2
1556,20170216,2
1556,20170220,2
1556,20170413,2
1556,20170414,1
1556,20170416,2
1556,20170430,2
1556,20170524,2
1556,20170604,2
1556,20171002,2
1556,20171030,2
1557,20170125,2
1557,20170126,2
1557,20170130,2
1557,20170131,2
1557,20170201,2
1557,20170202,2
1557,20170206,2
1557,20170207,2
1557,20170208,2
1557,20170209,2
1557,20170211,2
1557,20170212,2
1557,20170213,2
1557,20170214,2
1557,20170215,2
1557,20170216,2
1557,20170220,2
1558,20170119,1
1558,20170126,1
1558,20170127,1
1558,20170131,1
1558,20170201,1
1558,20170202,1
1558,20170203,1
1558,20170207,1
1558,20170208,1
1558,20170209,1
1558,20170214,1
1558,20170215,1
1558,20170216,1
1558,20170217,1
1559,20170119,2
1559,20170126,2
1559,20170127,2
1559,20170131,2
1559,20170201,2
1559,20170202,2
1559,20170203,2
1559,20170207,2
1559,20170208,2
1559,20170209,2
1559,20170214,2
1559,20170215,2
1559,20170216,2
1559,20170217,2
1559,20170414,2
1559,20170417,2
1559,20170501,2
1559,20170525,2
1559,20170605,2
1559,20171003,2
1559,20171031,2
1560,20170125,2
1560,20170126,2
1560,20170130,2
1560,20170131,2
1560,20170201,2
1560,20170202,2
1560,20170206,2
1560,20170207,2
1560,20170208,2
1560,20170209,2
1560,20170213,2
1560,20170214,2
1560,20170215,2
1560,20170216,2
1560,20170220,2
1561,20170126,2
1561,20170130,2
1561,20170131,2
1561,20170201,2
1561,20170202,2
1561,20170206,2
1561,20170207,2
1561,20170208,2
1561,20170209,2
1561,20170213,2
1561,20170214,2
1561,20170215,2
1561,20170216,2
1561,20170220,2
1562,20170212,2
1562,20170416,2
1562,20170430,2
1562,20170604,2
1563,20170212,2
1563,20170413,2
1563,20170414,1
1563,20170416,2
1563,20170430,2
1563,20170524,2
1563,20170604,2
1563,20171002,2
1563,20171030,2
1564,20170125,2
1564,20170212,2
1564,20170413,2
1564,20170414,1
1564,20170416,2
1564,20170430,2
1564,20170524,2
1564,20170604,2
1564,20171002,2
1564,20171030,2
1565,20170121,2
1565,20170122,2
1565,20170128,2
1565,20170129,2
1565,20170211,2
1565,20170212,2
1565,20170414,1
1565,20170417,1
1565,20170501,1
1565,20170525,1
1565,20170605,1
1565,20171003,1
1565,20171031,1
1566,20170121,2
1566,20170128,2
1566,20170211,2
1566,20170416,1
1566,20170430,1
1566,20170604,1
1567,20170122,2
1567,20170129,2
1567,20170212,2
1567,20170414,1
1567,20170416,2
1567,20170417,1
1567,20170430,2
1567,20170501,1
1567,20170525,1
1567,20170604,2
1567,20170605,1
1567,20171003,1
1567,20171031,1
1568,20170121,2
1568,20170128,2
1568,20170211,2
1568,20170414,2
1568,20170416,1
1568,20170417,2
1568,20170430,1
1568,20170501,2
1568,20170525,2
1568,20170604,1
1568,20170605,2
1568,20171003,2
1568,20171031,2
1569,20170121,2
1569,20170122,2
1569,20170128,2
1569,20170129,2
1569,20170211,2
1569,20170212,2
1570,20170121,2
1570,20170122,2
1570,20170128,2
1570,20170129,2
1570,20170204,2
1570,20170211,2
1570,20170212,2
1571,20170121,2
1571,20170122,2
1571,20170128,2
1571,20170129,2
1571,20170210,2
1571,20170211,2
1571,20170212,2
1572,20170121,2
1572,20170122,2
1572,20170125,2
1572,20170126,2
1572,20170128,2
1572,20170129,2
1572,20170130,2
1572,20170131,2
1572,20170201,2
1572,20170202,2
1572,20170206,2
1572,20170207,2
1572,20170208,2
1572,20170209,2
1572,20170210,2
1572,20170211,2
1572,20170212,2
1572,20170213,2
1572,20170214,2
1572,20170215,2
1572,20170216,2
1572,20170220,2
1573,20170120,2
1573,20170121,2
1573,20170122,2
1573,20170125,2
1573,20170126,2
1573,20170127,2
1573,20170128,2
1573,20170129,2
1573,20170130,2
1573,20170131,2
1573,20170201,2
1573,20170202,2
1573,20170206,2
1573,20170207,2
1573,20170208,2
1573,20170209,2
1573,20170210,2
1573,20170211,2
1573,20170212,2
1573,20170213,2
1573,20170214,2
1573,20170215,2
1573,20170216,2
1573,20170220,2
1574,20170122,2
1574,20170125,2
1574,20170126,2
1574,20170129,2
1574,20170130,2
1574,20170131,2
1574,20170201,2
1574,20170202,2
1574,20170206,2
1574,20170207,2
1574,20170208,2
1574,20170209,2
1574,20170212,2
1574,20170213,2
1574,20170214,2
1574,20170215,2
1574,20170216,2
1574,20170220,2
1574,20170413,2
1574,20170414,1
1574,20170416,2
1574,20170430,2
1574,20170524,2
1574,20170604,2
1574,20171002,2
1574,20171030,2
1575,20170120,2
1575,20170121,2
1575,20170127,2
1575,20170128,2
1575,20170210,2
1575,20170211,2
1575,20170413,1
1575,20170414,2
1575,20170416,1
1575,20170430,1
1575,20170524,1
1575,20170604,1
1575,20171002,1
1575,20171030,1
1576,20170122,2
1576,20170125,2
1576,20170126,2
1576,20170129,2
1576,20170130,2
1576,20170131,2
1576,20170201,2
1576,20170202,2
1576,20170206,2
1576,20170207,2
1576,20170208,2
1576,20170209,2
1576,20170213,2
1576,20170214,2
1576,20170215,2
1576,20170216,2
1576,20170220,2
1576,20170413,2
1576,20170414,1
1576,20170416,2
1576,20170430,2
1576,20170524,2
1576,20170604,2
1576,20171002,2
1576,20171030,2
1577,20170121,2
1577,20170128,2
1577,20170211,2
1577,20170212,2
1577,20170414,1
1577,20170417,1
1577,20170501,1
1577,20170525,1
1577,20170605,1
1577,20171003,1
1577,20171031,1
1578,20170122,2
1578,20170129,2
1578,20170212,2
1578,20170416,2
1578,20170430,2
1578,20170604,2
1579,20170120,2
1579,20170121,2
1579,20170122,2
1579,20170127,2
1579,20170128,2
1579,20170129,2
1579,20170211,2
1579,20170212,2
1580,20170120,2
1580,20170125,2
1580,20170127,2
1580,20170414,2
1580,20170417,2
1580,20170501,2
1580,20170525,2
1580,20170605,2
1580,20171003,2
1580,20171031,2
1581,20170120,2
1581,20170125,2
1581,20170126,2
1581,20170127,2
1581,20170130,2
1581,20170131,2
1581,20170201,2
1581,20170202,2
1581,20170206,2
1581,20170207,2
1581,20170208,2
1581,20170209,2
1581,20170210,2
1581,20170213,2
1581,20170214,2
1581,20170215,2
1581,20170216,2
1581,20170220,2
1581,20170414,2
1581,20170417,2
1581,20170501,2
1581,20170525,2
1581,20170605,2
1581,20171003,2
1581,20171031,2
1582,20170121,2
1582,20170122,2
1582,20170125,2
1582,20170128,2
1582,20170129,2
1583,20170122,2
1583,20170129,2
1583,20170212,2
1583,20170413,2
1583,20170414,1
1583,20170416,2
1583,20170430,2
1583,20170524,2
1583,20170604,2
1583,20171002,2
1583,20171030,2
1584,20170121,2
1584,20170128,2
1584,20170413,1
1584,20170414,2
1584,20170416,1
1584,20170430,1
1584,20170524,1
1584,20170604,1
1584,20171002,1
1584,20171030,1
1585,20170125,2
1585,20170210,2
1585,20170414,2
1585,20170417,2
1585,20170501,2
1585,20170525,2
1585,20170605,2
1585,20171003,2
1585,20171031,2
1586,20170125,2
1586,20170126,2
1586,20170130,2
1586,20170131,2
1586,20170201,2
1586,20170202,2
1586,20170206,2
1586,20170207,2
1586,20170208,2
1586,20170209,2
1586,20170210,2
1586,20170213,2
1586,20170214,2
1586,20170215,2
1586,20170216,2
1586,20170220,2
1586,20170414,2
1586,20170417,2
1586,20170501,2
1586,20170525,2
1586,20170605,2
1586,20171003,2
1586,20171031,2
1587,20170119,2
1587,20170126,2
1587,20170414,2
1587,20170417,2
1587,20170501,2
1587,20170525,2
1587,20170605,2
1587,20171003,2
1587,20171031,2
1588,20170121,2
1588,20170128,2
1588,20170416,1
1588,20170430,1
1588,20170604,1
1589,20170121,1
1589,20170128,1
1589,20170212,2
1589,20170414,1
1589,20170416,2
1589,20170417,1
1589,20170430,2
1589,20170501,1
1589,20170525,1
1589,20170604,2
1589,20170605,1
1589,20171003,1
1589,20171031,1
1590,20170125,2
1590,20170126,2
1590,20170130,2
1590,20170131,2
1590,20170201,2
1590,20170202,2
1590,20170206,2
1590,20170207,2
1590,20170208,2
1590,20170209,2
1590,20170213,2
1590,20170214,2
1590,20170215,2
1590,20170216,2
1590,20170220,2
1590,20170414,2
1590,20170417,2
1590,20170501,2
1590,20170525,2
1590,20170605,2
1590,20171003,2
1590,20171031,2
1591,20170125,2
1591,20170414,2
1591,20170417,2
1591,20170501,2
1591,20170525,2
1591,20170605,2
1591,20171003,2
1591,20171031,2
1592,20170208,2
1592,20170209,2
1592,20170211,2
1592,20170212,2
1593,20170120,2
1593,20170121,2
1593,20170122,2
1593,20170123,2
1593,20170124,2
1593,20170125,2
1593,20170126,2
1593,20170127,2
1593,20170128,2
1593,20170129,2
1593,20170208,2
1593,20170209,2
1593,20170211,2
1593,20170212,2
1594,20170120,2
1594,20170123,2
1594,20170124,2
1594,20170125,2
1594,20170126,2
1594,20170127,2
1594,20170208,2
1594,20170209,2
1594,20170414,2
1594,20170417,2
1594,20170501,2
1594,20170525,2
1594,20170605,2
1594,20171003,2
1594,20171031,2
1595,20170120,2
1595,20170121,2
1595,20170122,2
1595,20170123,2
1595,20170124,2
1595,20170125,2
1595,20170126,2
1595,20170127,2
1595,20170128,2
1595,20170129,2
1595,20170204,2
1595,20170208,2
1595,20170209,2
1595,20170211,2
1595,20170212,2
1595,20170218,2
1596,20170120,2
1596,20170121,2
1596,20170122,2
1596,20170123,2
1596,20170124,2
1596,20170125,2
1596,20170126,2
1596,20170127,2
1596,20170128,2
1596,20170129,2
1596,20170208,2
1596,20170209,2
1596,20170211,2
1596,20170212,2
1596,20170218,2
1597,20170127,2
1597,20170211,2
1597,20170212,2
1598,20170123,2
1598,20170127,2
1598,20170211,2
1598,20170212,2
1599,20170123,2
1599,20170211,2
1599,20170212,2
1600,20170123,2
1600,20170210,2
1600,20170211,2
1600,20170212,2
1601,20170123,2
1601,20170126,2
1601,20170130,2
1601,20170131,2
1601,20170201,2
1601,20170202,2
1601,20170206,2
1601,20170207,2
1601,20170208,2
1601,20170209,2
1601,20170210,2
1601,20170211,2
1601,20170212,2
1601,20170213,2
1601,20170214,2
1601,20170215,2
1601,20170216,2
1601,20170220,2
1602,20170123,2
1602,20170125,2
1602,20170126,2
1602,20170130,2
1602,20170131,2
1602,20170201,2
1602,20170202,2
1602,20170206,2
1602,20170207,2
1602,20170208,2
1602,20170209,2
1602,20170210,2
1602,20170211,2
1602,20170212,2
1602,20170213,2
1602,20170214,2
1602,20170215,2
1602,20170216,2
1602,20170220,2
1603,20170123,2
1603,20170125,2
1603,20170126,2
1603,20170130,2
1603,20170131,2
1603,20170201,2
1603,20170202,2
1603,20170206,2
1603,20170207,2
1603,20170208,2
1603,20170209,2
1603,20170212,2
1603,20170213,2
1603,20170214,2
1603,20170215,2
1603,20170216,2
1603,20170220,2
1603,20170413,2
1603,20170414,1
1603,20170416,2
1603,20170430,2
1603,20170524,2
1603,20170604,2
1603,20171002,2
1603,20171030,2
1604,20170208,1
1604,20170209,1
1605,20170124,2
1605,20170414,2
1605,20170417,2
1605,20170501,2
1605,20170525,2
1605,20170605,2
1605,20171003,2
1605,20171031,2
1606,20170120,1
1606,20170123,1
1606,20170124,1
1606,20170125,1
1606,20170126,1
1607,20170120,1
1607,20170124,1
1607,20170125,1
1607,20170126,1
1607,20170127,1
1608,20170126,2
1608,20170130,2
1608,20170131,2
1608,20170201,2
1608,20170202,2
1608,20170206,2
1608,20170207,2
1608,20170208,2
1608,20170209,2
1608,20170211,2
1608,20170212,2
1608,20170213,2
1608,20170214,2
1608,20170215,2
1608,20170216,2
1608,20170220,2
1609,20170125,1
1609,20170126,1
1609,20170130,1
1609,20170131,1
1609,20170201,1
1609,20170202,1
1609,20170206,1
1609,20170207,1
1609,20170208,1
1609,20170209,1
1609,20170213,1
1609,20170214,1
1609,20170215,1
1609,20170216,1
1609,20170220,1
1610,20170123,2
1610,20170125,2
1610,20170126,2
1610,20170130,2
1610,20170131,2
1610,20170201,2
1610,20170202,2
1610,20170206,2
1610,20170207,2
1610,20170208,2
1610,20170209,2
1610,20170211,2
1610,20170212,2
1610,20170213,2
1610,20170214,2
1610,20170215,2
1610,20170216,2
1610,20170220,2
1611,20170417,2
1611,20170501,2
1611,20170605,2
1611,20171002,2
1611,20171030,2
1612,20170414,2
1612,20170525,2
1612,20171002,1
1612,20171003,2
1612,20171030,1
1612,20171031,2
1613,20170208,2
1613,20170209,2
1613,20170413,2
1613,20170417,2
1613,20170501,2
1613,20170524,2
1613,20170525,2
1613,20170605,2
1613,20171002,2
1613,20171003,2
1613,20171030,2
1613,20171031,2
1614,20170208,2
1614,20170209,2
1614,20170211,2
1614,20170414,2
1614,20170416,1
1614,20170417,2
1614,20170430,1
1614,20170501,2
1614,20170525,2
1614,20170604,1
1614,20170605,2
1614,20171003,2
1614,20171031,2
1615,20170121,2
1615,20170123,2
1615,20170124,2
1615,20170125,2
1615,20170126,2
1615,20170128,2
1615,20170208,2
1615,20170209,2
1615,20170211,2
1615,20170413,2
1615,20170416,1
1615,20170417,2
1615,20170430,1
1615,20170501,2
1615,20170524,2
1615,20170525,2
1615,20170604,1
1615,20170605,2
1615,20171002,2
1615,20171003,2
1615,20171030,2
1615,20171031,2
1616,20170120,2
1616,20170121,2
1616,20170123,2
1616,20170124,2
1616,20170125,2
1616,20170126,2
1616,20170127,2
1616,20170128,2
1616,20170208,2
1616,20170209,2
1616,20170211,2
1616,20170414,2
1616,20170416,1
1616,20170417,2
1616,20170430,1
1616,20170501,2
1616,20170525,2
1616,20170604,1
1616,20170605,2
1616,20171003,2
1616,20171031,2
1617,20170120,2
1617,20170121,2
1617,20170124,2
1617,20170125,2
1617,20170126,2
1617,20170127,2
1617,20170128,2
1617,20170208,2
1617,20170209,2
1617,20170211,2
1617,20170414,2
1617,20170416,1
1617,20170430,1
1617,20170525,2
1617,20170604,1
1617,20171002,1
1617,20171003,2
1617,20171030,1
1617,20171031,2
1618,20170122,2
1618,20170123,2
1618,20170129,2
1618,20170212,2
1618,20170414,1
1618,20170416,2
1618,20170430,2
1618,20170525,1
1618,20170604,2
1618,20171002,2
1618,20171003,1
1618,20171030,2
1618,20171031,1
1619,20170120,2
1619,20170121,2
1619,20170124,2
1619,20170125,2
1619,20170126,2
1619,20170127,2
1619,20170128,2
1619,20170204,2
1619,20170208,2
1619,20170209,2
1619,20170211,2
1619,20170218,2
1619,20170414,2
1619,20170416,1
1619,20170430,1
1619,20170525,2
1619,20170604,1
1619,20171002,1
1619,20171003,2
1619,20171030,1
1619,20171031,2
1620,20170127,2
1620,20170211,2
1620,20170212,2
1620,20170218,2
1621,20170127,2
1621,20170414,2
1621,20170417,2
1621,20170501,2
1621,20170525,2
1621,20170605,2
1621,20171003,2
1621,20171031,2
1622,20170123,1
1622,20170124,1
1622,20170125,1
1622,20170126,1
1622,20170127,1
1623,20170123,2
1623,20170417,2
1623,20170501,2
1623,20170605,2
1623,20171002,2
1623,20171030,2
1624,20170120,2
1624,20170127,2
1624,20170211,1
1624,20170413,1
1624,20170414,2
1624,20170524,1
1624,20171002,1
1624,20171030,1
1625,20170120,2
1625,20170127,2
1625,20170211,1
1625,20170212,1
1625,20170413,1
1625,20170414,2
1625,20170524,1
1625,20171002,1
1625,20171030,1
1626,20170122,2
1626,20170123,2
1626,20170129,2
1626,20170211,1
1626,20170414,1
1626,20170416,2
1626,20170430,2
1626,20170525,1
1626,20170604,2
1626,20171002,2
1626,20171003,1
1626,20171030,2
1626,20171031,1
1627,20170127,2
1627,20170414,2
1627,20170525,2
1627,20171002,1
1627,20171003,2
1627,20171030,1
1627,20171031,2
1628,20170212,1
1628,20170416,1
1628,20170430,1
1628,20170604,1
1629,20170208,2
1629,20170209,2
1629,20170414,2
1629,20170417,2
1629,20170501,2
1629,20170525,2
1629,20170605,2
1629,20171003,2
1629,20171031,2
1630,20170211,2
1630,20170416,1
1630,20170417,2
1630,20170430,1
1630,20170501,2
1630,20170604,1
1630,20170605,2
1630,20171002,2
1630,20171030,2
1631,20170120,2
1631,20170124,2
1631,20170125,2
1631,20170126,2
1631,20170127,2
1631,20170208,2
1631,20170209,2
1631,20170414,2
1631,20170525,2
1631,20171002,1
1631,20171003,2
1631,20171030,1
1631,20171031,2
1632,20170212,2
1632,20170414,1
1632,20170416,2
1632,20170430,2
1632,20170525,1
1632,20170604,2
1632,20171002,2
1632,20171003,1
1632,20171030,2
1632,20171031,1
1633,20170211,2
1633,20170414,2
1633,20170416,1
1633,20170430,1
1633,20170525,2
1633,20170604,1
1633,20171002,1
1633,20171003,2
1633,20171030,1
1633,20171031,2
1634,20170129,2
1634,20170205,2
1634,20170413,2
1634,20170414,1
1634,20170416,2
1634,20170430,2
1634,20170524,2
1634,20170604,2
1634,20171002,2
1634,20171030,2
1635,20170213,2
1635,20170414,2
1635,20170417,2
1635,20170501,2
1635,20170525,2
1635,20170605,2
1635,20171003,2
1635,20171031,2
1636,20170128,1
1636,20170205,2
1636,20170414,1
1636,20170416,2
1636,20170417,1
1636,20170430,2
1636,20170501,1
1636,20170525,1
1636,20170604,2
1636,20170605,1
1636,20171003,1
1636,20171031,1
1637,20170128,2
1637,20170204,2
1637,20170416,1
1637,20170430,1
1637,20170604,1
1638,20170129,2
1638,20170205,2
1638,20170414,1
1638,20170416,2
1638,20170417,1
1638,20170430,2
1638,20170501,1
1638,20170525,1
1638,20170604,2
1638,20170605,1
1638,20171003,1
1638,20171031,1
1639,20170128,2
1639,20170129,2
1639,20170204,2
1639,20170205,2
1639,20170414,1
1639,20170417,1
1639,20170501,1
1639,20170525,1
1639,20170605,1
1639,20171003,1
1639,20171031,1
164,20170210,1
1640,20170128,2
1640,20170129,2
1640,20170204,2
1640,20170205,2
1641,20170128,2
1641,20170129,2
1641,20170204,2
1641,20170205,2
1641,20170413,2
1641,20170414,1
1641,20170524,2
1641,20171002,2
1641,20171030,2
1642,20170128,2
1642,20170129,2
1642,20170204,2
1642,20170205,2
1642,20170413,1
1642,20170417,1
1642,20170501,1
1642,20170524,1
1642,20170525,1
1642,20170605,1
1642,20171002,1
1642,20171003,1
1642,20171030,1
1642,20171031,1
1643,20170128,2
1643,20170204,2
1643,20170413,1
1643,20170414,2
1643,20170416,1
1643,20170430,1
1643,20170524,1
1643,20170604,1
1643,20171002,1
1643,20171030,1
1644,20170127,2
1644,20170128,2
1644,20170129,2
1644,20170203,2
1644,20170204,2
1644,20170205,2
1645,20170127,2
1645,20170128,2
1645,20170203,2
1645,20170204,2
1645,20170413,1
1645,20170414,2
1645,20170416,1
1645,20170430,1
1645,20170524,1
1645,20170604,1
1645,20171002,1
1645,20171030,1
1646,20170128,2
1646,20170129,2
1646,20170204,2
1646,20170205,2
1646,20170220,2
1646,20170413,2
1646,20170414,1
1646,20170524,2
1646,20171002,2
1646,20171030,2
1647,20170203,2
1647,20170204,2
1647,20170205,2
1647,20170220,2
1648,20170204,2
1648,20170205,2
1648,20170220,2
1648,20170413,2
1648,20170414,1
1648,20170524,2
1648,20171002,2
1648,20171030,2
1649,20170127,2
1649,20170128,2
1649,20170129,2
1649,20170203,2
1649,20170204,2
1649,20170205,2
1649,20170220,2
165,20170211,1
165,20170212,1
1650,20170129,1
1650,20170203,2
1650,20170204,2
1650,20170413,1
1650,20170414,2
1650,20170416,1
1650,20170430,1
1650,20170524,1
1650,20170604,1
1650,20171002,1
1650,20171030,1
1651,20170203,2
1651,20170204,2
1651,20170205,2
1651,20170212,2
1652,20170205,2
1652,20170212,2
1652,20170413,2
1652,20170414,1
1652,20170416,2
1652,20170430,2
1652,20170524,2
1652,20170604,2
1652,20171002,2
1652,20171030,2
1653,20170127,2
1653,20170203,2
1653,20170413,1
1653,20170414,2
1653,20170524,1
1653,20171002,1
1653,20171030,1
1654,20170204,1
1654,20170414,2
1654,20170417,2
1654,20170501,2
1654,20170525,2
1654,20170605,2
1654,20171003,2
1654,20171031,2
1655,20170206,2
1655,20170414,2
1655,20170417,2
1655,20170501,2
1655,20170525,2
1655,20170605,2
1655,20171003,2
1655,20171031,2
1656,20170202,2
1657,20170121,2
1657,20170122,2
1657,20170128,2
1657,20170129,2
1657,20170204,2
1657,20170205,2
1657,20170211,2
1657,20170212,2
1657,20170218,2
1657,20170219,2
1657,20170414,1
1657,20170417,1
1657,20170501,1
1657,20170525,1
1657,20170605,1
1657,20171003,1
1657,20171031,1
1658,20170121,1
1658,20170122,1
1658,20170128,1
1658,20170129,1
1658,20170204,1
1658,20170205,1
1658,20170211,1
1658,20170212,1
1658,20170218,1
1658,20170219,1
1659,20170121,2
1659,20170128,2
1659,20170204,2
1659,20170211,2
1659,20170218,2
1659,20170416,1
1659,20170430,1
1659,20170604,1
1660,20170122,2
1660,20170129,2
1660,20170205,2
1660,20170212,2
1660,20170219,2
1660,20170414,1
1660,20170416,2
1660,20170417,1
1660,20170430,2
1660,20170501,1
1660,20170525,1
1660,20170604,2
1660,20170605,1
1660,20171003,1
1660,20171031,1
1661,20170122,1
1661,20170129,1
1661,20170205,1
1661,20170212,1
1661,20170219,1
1662,20170120,2
1662,20170121,2
1662,20170127,2
1662,20170128,2
1662,20170203,2
1662,20170204,2
1662,20170210,2
1662,20170211,2
1662,20170217,2
1662,20170218,2
1662,20170413,1
1662,20170414,2
1662,20170416,1
1662,20170430,1
1662,20170524,1
1662,20170604,1
1662,20171002,1
1662,20171030,1
1663,20170120,1
1663,20170121,1
1663,20170127,1
1663,20170128,1
1663,20170203,1
1663,20170204,1
1663,20170210,1
1663,20170211,1
1663,20170217,1
1663,20170218,1
1664,20170119,2
1664,20170120,2
1664,20170121,2
1664,20170123,2
1664,20170124,2
1664,20170125,2
1664,20170126,2
1664,20170127,2
1664,20170128,2
1664,20170130,2
1664,20170131,2
1664,20170201,2
1664,20170202,2
1664,20170203,2
1664,20170204,2
1664,20170206,2
1664,20170207,2
1664,20170208,2
1664,20170209,2
1664,20170210,2
1664,20170211,2
1664,20170213,2
1664,20170214,2
1664,20170215,2
1664,20170216,2
1664,20170217,2
1664,20170218,2
1664,20170220,2
1664,20170414,2
1664,20170416,1
1664,20170417,2
1664,20170430,1
1664,20170501,2
1664,20170525,2
1664,20170604,1
1664,20170605,2
1664,20171003,2
1664,20171031,2
1665,20170119,1
1665,20170120,1
1665,20170121,1
1665,20170123,1
1665,20170124,1
1665,20170125,1
1665,20170126,1
1665,20170127,1
1665,20170128,1
1665,20170130,1
1665,20170131,1
1665,20170201,1
1665,20170202,1
1665,20170203,1
1665,20170204,1
1665,20170206,1
1665,20170207,1
1665,20170208,1
1665,20170209,1
1665,20170210,1
1665,20170211,1
1665,20170213,1
1665,20170214,1
1665,20170215,1
1665,20170216,1
1665,20170217,1
1665,20170218,1
1665,20170220,1
1666,20170119,1
1666,20170120,1
1666,20170121,1
1666,20170122,1
1666,20170123,1
1666,20170124,1
1666,20170125,1
1666,20170126,1
1666,20170127,1
1666,20170128,1
1666,20170129,1
1666,20170130,1
1666,20170131,1
1666,20170201,1
1666,20170202,1
1666,20170203,1
1666,20170204,1
1666,20170205,1
1666,20170206,1
1666,20170207,1
1666,20170208,1
1666,20170209,1
1666,20170210,1
1666,20170211,1
1666,20170212,1
1666,20170213,1
1666,20170214,1
1666,20170215,1
1666,20170216,1
1666,20170217,1
1666,20170218,1
1666,20170219,1
1666,20170220,1
1667,20170119,1
1667,20170120,1
1667,20170121,1
1667,20170122,1
1667,20170123,1
1667,20170124,1
1667,20170125,1
1667,20170126,1
1667,20170127,1
1667,20170128,1
1667,20170129,1
1667,20170130,1
1667,20170131,1
1667,20170201,1
1667,20170202,1
1667,20170203,1
1667,20170204,1
1667,20170205,1
1667,20170206,1
1667,20170207,1
1667,20170208,1
1667,20170209,1
1667,20170210,1
1667,20170211,1
1667,20170212,1
1667,20170213,1
1667,20170214,1
1667,20170215,1
1667,20170216,1
1667,20170217,1
1667,20170218,1
1667,20170219,1
1668,20170119,2
1668,20170122,2
1668,20170123,2
1668,20170124,2
1668,20170125,2
1668,20170126,2
1668,20170129,2
1668,20170130,2
1668,20170131,2
1668,20170201,2
1668,20170202,2
1668,20170205,2
1668,20170206,2
1668,20170207,2
1668,20170208,2
1668,20170209,2
1668,20170212,2
1668,20170213,2
1668,20170214,2
1668,20170215,2
1668,20170216,2
1668,20170219,2
1668,20170220,2
1668,20170413,2
1668,20170414,1
1668,20170416,2
1668,20170430,2
1668,20170524,2
1668,20170604,2
1668,20171002,2
1668,20171030,2
1669,20170119,1
1669,20170122,1
1669,20170123,1
1669,20170124,1
1669,20170125,1
1669,20170126,1
1669,20170129,1
1669,20170130,1
1669,20170131,1
1669,20170201,1
1669,20170202,1
1669,20170205,1
1669,20170206,1
1669,20170207,1
1669,20170208,1
1669,20170209,1
1669,20170212,1
1669,20170213,1
1669,20170214,1
1669,20170215,1
1669,20170216,1
1669,20170219,1
167,20170211,1
1670,20170122,1
1670,20170125,1
1670,20170126,1
1670,20170129,1
1670,20170130,1
1670,20170131,1
1670,20170201,1
1670,20170202,1
1670,20170205,1
1670,20170206,1
1670,20170207,1
1670,20170208,1
1670,20170209,1
1670,20170212,1
1670,20170213,1
1670,20170214,1
1670,20170215,1
1670,20170216,1
1670,20170219,1
1671,20170119,1
1671,20170120,1
1671,20170121,1
1671,20170123,1
1671,20170124,1
1671,20170127,1
1671,20170128,1
1671,20170203,1
1671,20170204,1
1671,20170210,1
1671,20170211,1
1671,20170217,1
1671,20170218,1
168,20170212,1
173,20170210,1
173,20170211,1
173,20170212,1
174,20170210,2
174,20170414,2
174,20170417,2
174,20170501,2
174,20170525,2
174,20170605,2
174,20171003,2
174,20171031,2
175,20170211,2
175,20170212,2
175,20170414,1
175,20170417,1
175,20170501,1
175,20170525,1
175,20170605,1
175,20171003,1
175,20171031,1
186,20170210,1
186,20170211,1
200,20170219,1
246,20170121,1
246,20170128,1
246,20170204,1
246,20170211,1
246,20170218,1
266,20170218,1
28,20170414,2
28,20170417,2
28,20170501,2
28,20170525,2
28,20170605,2
28,20171003,2
28,20171031,2
286,20170203,1
34,20170120,1
34,20170123,1
34,20170124,1
34,20170125,1
34,20170126,1
34,20170127,1
35,20170121,1
35,20170128,1
36,20170120,1
36,20170127,1
37,20170123,1
37,20170124,1
37,20170125,1
37,20170126,1
459,20170121,1
459,20170122,1
459,20170128,1
459,20170129,1
464,20170120,1
464,20170121,1
464,20170122,1
464,20170127,1
464,20170128,1
464,20170129,1
465,20170120,1
465,20170121,1
465,20170127,1
465,20170128,1
511,20170204,1
511,20170205,1
516,20170205,1
517,20170204,1
53,20170414,1
53,20170417,1
53,20170501,1
53,20170525,1
53,20170605,1
53,20171003,1
53,20171031,1
536,20170129,1
537,20170203,1
537,20170204,1
545,20170122,1
55,20170127,1
57,20170130,1
57,20170131,1
57,20170201,1
57,20170202,1
57,20170203,1
704,20170413,2
704,20170417,2
704,20170501,2
704,20170524,2
704,20170525,2
704,20170605,2
704,20171002,2
704,20171003,2
704,20171030,2
704,20171031,2
705,20170413,1
705,20170414,2
705,20170524,1
705,20171002,1
705,20171030,1
708,20170128,1
708,20170129,1
721,20170128,1
74,20170122,1
74,20170129,1
747,20170213,1
750,20170119,1
752,20170211,2
752,20170212,2
766,20170210,2
766,20170211,2
766,20170212,2
769,20170203,1
769,20170204,1
769,20170205,1
772,20170206,1
833,20170120,1
907,20170119,1
907,20170126,1
908,20170125,1
909,20170124,1
910,20170123,1
958,20170131,1
998,20170202,1
